400 0.006630 
401 0.006323 
402 0.006046 
403 0.005798 
404 0.005576 
405 0.005379 
406 0.005207 
407 0.005057 
408 0.004929 
409 0.004820 
410 0.004730 
411 0.004657 
412 0.004600 
413 0.004557 
414 0.004527 
415 0.004508 
416 0.004500 
417 0.004500 
418 0.004508 
419 0.004522 
420 0.004540 
421 0.004562 
422 0.004587 
423 0.004616 
424 0.004649 
425 0.004687 
426 0.004729 
427 0.004776 
428 0.004828 
429 0.004886 
430 0.004950 
431 0.005020 
432 0.005099 
433 0.005189 
434 0.005293 
435 0.005413 
436 0.005552 
437 0.005713 
438 0.005898 
439 0.006109 
440 0.006350 
441 0.006621 
442 0.006915 
443 0.007227 
444 0.007547 
445 0.007868 
446 0.008182 
447 0.008482 
448 0.008760 
449 0.009009 
450 0.009220 
451 0.009388 
452 0.009517 
453 0.009612 
454 0.009679 
455 0.009722 
456 0.009749 
457 0.009763 
458 0.009771 
459 0.009778 
460 0.009790 
461 0.009811 
462 0.009844 
463 0.009888 
464 0.009945 
465 0.010016 
466 0.010101 
467 0.010201 
468 0.010317 
469 0.010449 
470 0.010600 
471 0.010768 
472 0.010953 
473 0.011151 
474 0.011359 
475 0.011576 
476 0.011799 
477 0.012026 
478 0.012253 
479 0.012479 
480 0.012700 
481 0.012916 
482 0.013127 
483 0.013337 
484 0.013549 
485 0.013765 
486 0.013987 
487 0.014220 
488 0.014464 
489 0.014723 
490 0.015000 
491 0.015298 
492 0.015626 
493 0.015992 
494 0.016406 
495 0.016877 
496 0.017413 
497 0.018025 
498 0.018720 
499 0.019509 
500 0.020400 
501 0.021398 
502 0.022490 
503 0.023658 
504 0.024886 
505 0.026154 
506 0.027446 
507 0.028744 
508 0.030031 
509 0.031289 
510 0.032500 
511 0.033650 
512 0.034734 
513 0.035752 
514 0.036702 
515 0.037583 
516 0.038393 
517 0.039131 
518 0.039795 
519 0.040386 
520 0.040900 
521 0.041339 
522 0.041711 
523 0.042024 
524 0.042289 
525 0.042516 
526 0.042713 
527 0.042890 
528 0.043057 
529 0.043224 
530 0.043400 
531 0.043594 
532 0.043814 
533 0.044068 
534 0.044362 
535 0.044705 
536 0.045103 
537 0.045564 
538 0.046096 
539 0.046705 
540 0.047400 
541 0.048183 
542 0.049041 
543 0.049956 
544 0.050912 
545 0.051890 
546 0.052872 
547 0.053842 
548 0.054782 
549 0.055674 
550 0.056500 
551 0.057248 
552 0.057923 
553 0.058536 
554 0.059095 
555 0.059612 
556 0.060095 
557 0.060556 
558 0.061003 
559 0.061448 
560 0.061900 
561 0.062369 
562 0.062869 
563 0.063411 
564 0.064010 
565 0.064677 
566 0.065426 
567 0.066270 
568 0.067221 
569 0.068294 
570 0.069500 
571 0.070851 
572 0.072348 
573 0.073992 
574 0.075782 
575 0.077719 
576 0.079802 
577 0.082032 
578 0.084408 
579 0.086931 
580 0.089600 
581 0.092426 
582 0.095463 
583 0.098776 
584 0.102428 
585 0.106485 
586 0.111012 
587 0.116072 
588 0.121730 
589 0.128051 
590 0.135100 
591 0.142903 
592 0.151339 
593 0.160247 
594 0.169467 
595 0.178840 
596 0.188206 
597 0.197405 
598 0.206277 
599 0.214662 
600 0.222400 
601 0.229367 
602 0.235580 
603 0.241091 
604 0.245953 
605 0.250216 
606 0.253935 
607 0.257160 
608 0.259945 
609 0.262340 
610 0.264400 
611 0.266173 
612 0.267699 
613 0.269016 
614 0.270160 
615 0.271170 
616 0.272082 
617 0.272933 
618 0.273762 
619 0.274605 
620 0.275500 
621 0.276480 
622 0.277563 
623 0.278762 
624 0.280092 
625 0.281567 
626 0.283201 
627 0.285007 
628 0.287000 
629 0.289193 
630 0.291600 
631 0.294223 
632 0.297013 
633 0.299909 
634 0.302849 
635 0.305773 
636 0.308619 
637 0.311326 
638 0.313833 
639 0.316078 
640 0.318000 
641 0.319572 
642 0.320903 
643 0.322136 
644 0.323413 
645 0.324877 
646 0.326671 
647 0.328938 
648 0.331819 
649 0.335459 
650 0.340000 
651 0.345528 
652 0.351904 
653 0.358933 
654 0.366420 
655 0.374168 
656 0.381983 
657 0.389669 
658 0.397031 
659 0.403873 
660 0.410000 
661 0.415267 
662 0.419728 
663 0.423488 
664 0.426652 
665 0.429326 
666 0.431613 
667 0.433620 
668 0.435450 
669 0.437208 
670 0.439000 
671 0.440913 
672 0.442969 
673 0.445171 
674 0.447523 
675 0.450028 
676 0.452692 
677 0.455516 
678 0.458507 
679 0.461667 
680 0.465000 
681 0.468518 
682 0.472260 
683 0.476275 
684 0.480609 
685 0.485311 
686 0.490428 
687 0.496008 
688 0.502099 
689 0.508747 
690 0.516000 
691 0.523898 
692 0.532447 
693 0.541645 
694 0.551489 
695 0.561977 
696 0.573106 
697 0.584876 
698 0.597283 
699 0.610325 
700 0.624000 
701 0.638338 
702 0.653495 
703 0.669662 
704 0.687028 
705 0.705782 
706 0.726114 
707 0.748212 
708 0.772266 
709 0.798466 
710 0.827000 
711 0.858007 
712 0.891419 
713 0.927117 
714 0.964982 
715 1.004895 
716 1.046735 
717 1.090385 
718 1.135726 
719 1.182637 
720 1.231000 
721 1.280727 
722 1.331851 
723 1.384439 
724 1.438555 
725 1.494265 
726 1.551633 
727 1.610726 
728 1.671608 
729 1.734344 
730 1.799000 
731 1.865455 
732 1.932848 
733 2.000130 
734 2.066254 
735 2.130172 
736 2.190836 
737 2.247199 
738 2.298212 
739 2.342828 
740 2.380000 
741 2.409038 
742 2.430684 
743 2.446042 
744 2.456213 
745 2.462298 
746 2.465399 
747 2.466618 
748 2.467057 
749 2.467817 
750 2.470000 
751 2.474445 
752 2.480942 
753 2.489018 
754 2.498199 
755 2.508012 
756 2.517984 
757 2.527642 
758 2.536513 
759 2.544123 
760 2.550000 
761 2.553771 
762 2.555466 
763 2.555216 
764 2.553153 
765 2.549405 
766 2.544106 
767 2.537385 
768 2.529373 
769 2.520201 
770 2.510000 
771 2.498881 
772 2.486873 
773 2.473986 
774 2.460231 
775 2.445617 
776 2.430153 
777 2.413850 
778 2.396716 
779 2.378763 
780 2.360000 
781 2.340466 
782 2.320322 
783 2.299758 
784 2.278963 
785 2.258128 
786 2.237442 
787 2.217097 
788 2.197281 
789 2.178186 
790 2.160000 
791 2.142914 
792 2.127119 
793 2.112803 
794 2.100158 
795 2.089372 
796 2.080637 
797 2.074142 
798 2.070078 
799 2.068634 
800 2.070000 
